  i          x            density        pressure        velocity

   1    0.00E+00    1.00E+00    1.00E+00    0.00E+00    2.50E+00    1.00E+00    2.50E+00    3.50E+00    1.00E+00    0.00E+00
   2    1.01E-02    1.00E+00    1.00E+00    0.00E+00    2.50E+00    1.00E+00    2.50E+00    3.50E+00    1.00E+00    0.00E+00
   3    2.02E-02    1.00E+00    1.00E+00    0.00E+00    2.50E+00    1.00E+00    2.50E+00    3.50E+00    1.00E+00    0.00E+00
   4    3.03E-02    1.00E+00    1.00E+00    0.00E+00    2.50E+00    1.00E+00    2.50E+00    3.50E+00    1.00E+00    0.00E+00
   5    4.04E-02    1.00E+00    1.00E+00    0.00E+00    2.50E+00    1.00E+00    2.50E+00    3.50E+00    1.00E+00    0.00E+00
   6    5.05E-02    1.00E+00    1.00E+00    0.00E+00    2.50E+00    1.00E+00    2.50E+00    3.50E+00    1.00E+00    0.00E+00
   7    6.06E-02    1.00E+00    1.00E+00    0.00E+00    2.50E+00    1.00E+00    2.50E+00    3.50E+00    1.00E+00    0.00E+00
   8    7.07E-02    1.00E+00    1.00E+00    0.00E+00    2.50E+00    1.00E+00    2.50E+00    3.50E+00    1.00E+00    0.00E+00
   9    8.08E-02    1.00E+00    1.00E+00    0.00E+00    2.50E+00    1.00E+00    2.50E+00    3.50E+00    1.00E+00    0.00E+00
  10    9.09E-02    1.00E+00    1.00E+00    0.00E+00    2.50E+00    1.00E+00    2.50E+00    3.50E+00    1.00E+00    0.00E+00
  11    1.01E-01    1.00E+00    1.00E+00    0.00E+00    2.50E+00    1.00E+00    2.50E+00    3.50E+00    1.00E+00    0.00E+00
  12    1.11E-01    1.00E+00    1.00E+00    0.00E+00    2.50E+00    1.00E+00    2.50E+00    3.50E+00    1.00E+00    0.00E+00
  13    1.21E-01    1.00E+00    1.00E+00    0.00E+00    2.50E+00    1.00E+00    2.50E+00    3.50E+00    1.00E+00    0.00E+00
  14    1.31E-01    1.00E+00    1.00E+00    0.00E+00    2.50E+00    1.00E+00    2.50E+00    3.50E+00    1.00E+00    0.00E+00
  15    1.41E-01    1.00E+00    1.00E+00    0.00E+00    2.50E+00    1.00E+00    2.50E+00    3.50E+00    1.00E+00    0.00E+00
  16    1.52E-01    1.00E+00    1.00E+00    0.00E+00    2.50E+00    1.00E+00    2.50E+00    3.50E+00    1.00E+00    0.00E+00
  17    1.62E-01    1.00E+00    1.00E+00    0.00E+00    2.50E+00    1.00E+00    2.50E+00    3.50E+00    1.00E+00    0.00E+00
  18    1.72E-01    1.00E+00    1.00E+00    0.00E+00    2.50E+00    1.00E+00    2.50E+00    3.50E+00    1.00E+00    0.00E+00
  19    1.82E-01    1.00E+00    1.00E+00    0.00E+00    2.50E+00    1.00E+00    2.50E+00    3.50E+00    1.00E+00    0.00E+00
  20    1.92E-01    1.00E+00    1.00E+00    0.00E+00    2.50E+00    1.00E+00    2.50E+00    3.50E+00    1.00E+00    0.00E+00
  21    2.02E-01    1.00E+00    1.00E+00    0.00E+00    2.50E+00    1.00E+00    2.50E+00    3.50E+00    1.00E+00    0.00E+00
  22    2.12E-01    1.00E+00    1.00E+00    0.00E+00    2.50E+00    1.00E+00    2.50E+00    3.50E+00    1.00E+00    0.00E+00
  23    2.22E-01    1.00E+00    1.00E+00    0.00E+00    2.50E+00    1.00E+00    2.50E+00    3.50E+00    1.00E+00    0.00E+00
  24    2.32E-01    1.00E+00    1.00E+00    0.00E+00    2.50E+00    1.00E+00    2.50E+00    3.50E+00    1.00E+00    0.00E+00
  25    2.42E-01    1.00E+00    1.00E+00    0.00E+00    2.50E+00    1.00E+00    2.50E+00    3.50E+00    1.00E+00    0.00E+00
  26    2.53E-01    1.00E+00    1.00E+00    0.00E+00    2.50E+00    1.00E+00    2.50E+00    3.50E+00    1.00E+00    0.00E+00
  27    2.63E-01    1.00E+00    1.00E+00    0.00E+00    2.50E+00    1.00E+00    2.50E+00    3.50E+00    1.00E+00    0.00E+00
  28    2.73E-01    9.67E-01    9.55E-01    3.90E-02    2.47E+00    9.87E-01    2.50E+00    3.50E+00    1.00E+00    0.00E+00
  29    2.83E-01    9.33E-01    9.08E-01    8.11E-02    2.43E+00    9.73E-01    2.50E+00    3.50E+00    1.00E+00    0.00E+00
  30    2.93E-01    9.00E-01    8.63E-01    1.23E-01    2.40E+00    9.59E-01    2.50E+00    3.50E+00    1.00E+00   -2.78E-16
  31    3.03E-01    8.68E-01    8.20E-01    1.65E-01    2.36E+00    9.45E-01    2.50E+00    3.50E+00    1.00E+00    5.55E-16
  32    3.13E-01    8.37E-01    7.79E-01    2.07E-01    2.33E+00    9.31E-01    2.50E+00    3.50E+00    1.00E+00    0.00E+00
  33    3.23E-01    8.06E-01    7.40E-01    2.49E-01    2.29E+00    9.17E-01    2.50E+00    3.50E+00    1.00E+00    0.00E+00
  34    3.33E-01    7.77E-01    7.02E-01    2.92E-01    2.26E+00    9.04E-01    2.50E+00    3.50E+00    1.00E+00    0.00E+00
  35    3.43E-01    7.48E-01    6.66E-01    3.34E-01    2.23E+00    8.90E-01    2.50E+00    3.50E+00    1.00E+00    0.00E+00
  36    3.54E-01    7.20E-01    6.32E-01    3.76E-01    2.19E+00    8.77E-01    2.50E+00    3.50E+00    1.00E+00   -5.55E-16
  37    3.64E-01    6.93E-01    5.99E-01    4.18E-01    2.16E+00    8.64E-01    2.50E+00    3.50E+00    1.00E+00    0.00E+00
  38    3.74E-01    6.67E-01    5.68E-01    4.60E-01    2.13E+00    8.51E-01    2.50E+00    3.50E+00    1.00E+00    0.00E+00
  39    3.84E-01    6.42E-01    5.38E-01    5.02E-01    2.09E+00    8.37E-01    2.50E+00    3.50E+00    1.00E+00    0.00E+00
  40    3.94E-01    6.17E-01    5.09E-01    5.44E-01    2.06E+00    8.25E-01    2.50E+00    3.50E+00    1.00E+00    0.00E+00
  41    4.04E-01    5.94E-01    4.82E-01    5.86E-01    2.03E+00    8.12E-01    2.50E+00    3.50E+00    1.00E+00    0.00E+00
  42    4.14E-01    5.70E-01    4.56E-01    6.28E-01    2.00E+00    7.99E-01    2.50E+00    3.50E+00    1.00E+00    0.00E+00
  43    4.24E-01    5.48E-01    4.31E-01    6.70E-01    1.97E+00    7.86E-01    2.50E+00    3.50E+00    1.00E+00    0.00E+00
  44    4.34E-01    5.26E-01    4.07E-01    7.12E-01    1.93E+00    7.74E-01    2.50E+00    3.50E+00    1.00E+00   -2.78E-16
  45    4.44E-01    5.06E-01    3.85E-01    7.55E-01    1.90E+00    7.61E-01    2.50E+00    3.50E+00    1.00E+00    0.00E+00
  46    4.55E-01    4.85E-01    3.63E-01    7.97E-01    1.87E+00    7.49E-01    2.50E+00    3.50E+00    1.00E+00    0.00E+00
  47    4.65E-01    4.66E-01    3.43E-01    8.39E-01    1.84E+00    7.37E-01    2.50E+00    3.50E+00    1.00E+00    0.00E+00
  48    4.75E-01    4.47E-01    3.24E-01    8.81E-01    1.81E+00    7.24E-01    2.50E+00    3.50E+00    1.00E+00    0.00E+00
  49    4.85E-01    4.28E-01    3.05E-01    9.23E-01    1.78E+00    7.12E-01    2.50E+00    3.50E+00    1.00E+00    0.00E+00
  50    4.95E-01    4.26E-01    3.03E-01    9.27E-01    1.78E+00    7.11E-01    2.50E+00    3.50E+00    1.00E+00    0.00E+00
  51    5.05E-01    4.26E-01    3.03E-01    9.27E-01    1.78E+00    7.11E-01    2.50E+00    3.50E+00    1.00E+00    0.00E+00
  52    5.15E-01    4.26E-01    3.03E-01    9.27E-01    1.78E+00    7.11E-01    2.50E+00    3.50E+00    1.00E+00    0.00E+00
  53    5.25E-01    4.26E-01    3.03E-01    9.27E-01    1.78E+00    7.11E-01    2.50E+00    3.50E+00    1.00E+00    0.00E+00
  54    5.35E-01    4.26E-01    3.03E-01    9.27E-01    1.78E+00    7.11E-01    2.50E+00    3.50E+00    1.00E+00    0.00E+00
  55    5.45E-01    4.26E-01    3.03E-01    9.27E-01    1.78E+00    7.11E-01    2.50E+00    3.50E+00    1.00E+00    0.00E+00
  56    5.56E-01    4.26E-01    3.03E-01    9.27E-01    1.78E+00    7.11E-01    2.50E+00    3.50E+00    1.00E+00    0.00E+00
  57    5.66E-01    4.26E-01    3.03E-01    9.27E-01    1.78E+00    7.11E-01    2.50E+00    3.50E+00    1.00E+00    0.00E+00
  58    5.76E-01    4.26E-01    3.03E-01    9.27E-01    1.78E+00    7.11E-01    2.50E+00    3.50E+00    1.00E+00    0.00E+00
  59    5.86E-01    4.26E-01    3.03E-01    9.27E-01    1.78E+00    7.11E-01    2.50E+00    3.50E+00    1.00E+00    0.00E+00
  60    5.96E-01    4.26E-01    3.03E-01    9.27E-01    1.78E+00    7.11E-01    2.50E+00    3.50E+00    1.00E+00    0.00E+00
  61    6.06E-01    4.26E-01    3.03E-01    9.27E-01    1.78E+00    7.11E-01    2.50E+00    3.50E+00    1.00E+00    0.00E+00
  62    6.16E-01    4.26E-01    3.03E-01    9.27E-01    1.78E+00    7.11E-01    2.50E+00    3.50E+00    1.00E+00    0.00E+00
  63    6.26E-01    4.26E-01    3.03E-01    9.27E-01    1.78E+00    7.11E-01    2.50E+00    3.50E+00    1.00E+00    0.00E+00
  64    6.36E-01    4.26E-01    3.03E-01    9.27E-01    1.78E+00    7.11E-01    2.50E+00    3.50E+00    1.00E+00    0.00E+00
  65    6.46E-01    4.26E-01    3.03E-01    9.27E-01    1.78E+00    7.11E-01    2.50E+00    3.50E+00    1.00E+00    0.00E+00
  66    6.57E-01    4.26E-01    3.03E-01    9.27E-01    1.78E+00    7.11E-01    2.50E+00    3.50E+00    1.00E+00    0.00E+00
  67    6.67E-01    4.26E-01    3.03E-01    9.27E-01    1.78E+00    7.11E-01    2.50E+00    3.50E+00    1.00E+00    0.00E+00
  68    6.77E-01    4.26E-01    3.03E-01    9.27E-01    1.78E+00    7.11E-01    2.50E+00    3.50E+00    1.00E+00    0.00E+00
  69    6.87E-01    2.66E-01    3.03E-01    9.27E-01    2.85E+00    1.14E+00    2.50E+00    3.50E+00    1.94E+00    1.66E+00
  70    6.97E-01    2.66E-01    3.03E-01    9.27E-01    2.85E+00    1.14E+00    2.50E+00    3.50E+00    1.94E+00    1.66E+00
  71    7.07E-01    2.66E-01    3.03E-01    9.27E-01    2.85E+00    1.14E+00    2.50E+00    3.50E+00    1.94E+00    1.66E+00
  72    7.17E-01    2.66E-01    3.03E-01    9.27E-01    2.85E+00    1.14E+00    2.50E+00    3.50E+00    1.94E+00    1.66E+00
  73    7.27E-01    2.66E-01    3.03E-01    9.27E-01    2.85E+00    1.14E+00    2.50E+00    3.50E+00    1.94E+00    1.66E+00
  74    7.37E-01    2.66E-01    3.03E-01    9.27E-01    2.85E+00    1.14E+00    2.50E+00    3.50E+00    1.94E+00    1.66E+00
  75    7.47E-01    2.66E-01    3.03E-01    9.27E-01    2.85E+00    1.14E+00    2.50E+00    3.50E+00    1.94E+00    1.66E+00
  76    7.58E-01    2.66E-01    3.03E-01    9.27E-01    2.85E+00    1.14E+00    2.50E+00    3.50E+00    1.94E+00    1.66E+00
  77    7.68E-01    2.66E-01    3.03E-01    9.27E-01    2.85E+00    1.14E+00    2.50E+00    3.50E+00    1.94E+00    1.66E+00
  78    7.78E-01    2.66E-01    3.03E-01    9.27E-01    2.85E+00    1.14E+00    2.50E+00    3.50E+00    1.94E+00    1.66E+00
  79    7.88E-01    2.66E-01    3.03E-01    9.27E-01    2.85E+00    1.14E+00    2.50E+00    3.50E+00    1.94E+00    1.66E+00
  80    7.98E-01    2.66E-01    3.03E-01    9.27E-01    2.85E+00    1.14E+00    2.50E+00    3.50E+00    1.94E+00    1.66E+00
  81    8.08E-01    2.66E-01    3.03E-01    9.27E-01    2.85E+00    1.14E+00    2.50E+00    3.50E+00    1.94E+00    1.66E+00
  82    8.18E-01    2.66E-01    3.03E-01    9.27E-01    2.85E+00    1.14E+00    2.50E+00    3.50E+00    1.94E+00    1.66E+00
  83    8.28E-01    2.66E-01    3.03E-01    9.27E-01    2.85E+00    1.14E+00    2.50E+00    3.50E+00    1.94E+00    1.66E+00
  84    8.38E-01    2.66E-01    3.03E-01    9.27E-01    2.85E+00    1.14E+00    2.50E+00    3.50E+00    1.94E+00    1.66E+00
  85    8.48E-01    2.66E-01    3.03E-01    9.27E-01    2.85E+00    1.14E+00    2.50E+00    3.50E+00    1.94E+00    1.66E+00
  86    8.59E-01    1.25E-01    1.00E-01    0.00E+00    2.00E+00    8.00E-01    2.50E+00    3.50E+00    1.84E+00    1.52E+00
  87    8.69E-01    1.25E-01    1.00E-01    0.00E+00    2.00E+00    8.00E-01    2.50E+00    3.50E+00    1.84E+00    1.52E+00
  88    8.79E-01    1.25E-01    1.00E-01    0.00E+00    2.00E+00    8.00E-01    2.50E+00    3.50E+00    1.84E+00    1.52E+00
  89    8.89E-01    1.25E-01    1.00E-01    0.00E+00    2.00E+00    8.00E-01    2.50E+00    3.50E+00    1.84E+00    1.52E+00
  90    8.99E-01    1.25E-01    1.00E-01    0.00E+00    2.00E+00    8.00E-01    2.50E+00    3.50E+00    1.84E+00    1.52E+00
  91    9.09E-01    1.25E-01    1.00E-01    0.00E+00    2.00E+00    8.00E-01    2.50E+00    3.50E+00    1.84E+00    1.52E+00
  92    9.19E-01    1.25E-01    1.00E-01    0.00E+00    2.00E+00    8.00E-01    2.50E+00    3.50E+00    1.84E+00    1.52E+00
  93    9.29E-01    1.25E-01    1.00E-01    0.00E+00    2.00E+00    8.00E-01    2.50E+00    3.50E+00    1.84E+00    1.52E+00
  94    9.39E-01    1.25E-01    1.00E-01    0.00E+00    2.00E+00    8.00E-01    2.50E+00    3.50E+00    1.84E+00    1.52E+00
  95    9.49E-01    1.25E-01    1.00E-01    0.00E+00    2.00E+00    8.00E-01    2.50E+00    3.50E+00    1.84E+00    1.52E+00
  96    9.60E-01    1.25E-01    1.00E-01    0.00E+00    2.00E+00    8.00E-01    2.50E+00    3.50E+00    1.84E+00    1.52E+00
  97    9.70E-01    1.25E-01    1.00E-01    0.00E+00    2.00E+00    8.00E-01    2.50E+00    3.50E+00    1.84E+00    1.52E+00
  98    9.80E-01    1.25E-01    1.00E-01    0.00E+00    2.00E+00    8.00E-01    2.50E+00    3.50E+00    1.84E+00    1.52E+00
  99    9.90E-01    1.25E-01    1.00E-01    0.00E+00    2.00E+00    8.00E-01    2.50E+00    3.50E+00    1.84E+00    1.52E+00
 100    1.00E+00    1.25E-01    1.00E-01    0.00E+00    2.00E+00    8.00E-01    2.50E+00    3.50E+00    1.84E+00    1.52E+00
